2417175
2378832
2385845
2459969
2688436
2696304
2569964
2453265
2456632
3271379
2461328
2438940
2413529
3006240
2408390
2477120
3338317
2394780
3501494
3450765
2473961
2463870
2425604
2399361
2414766
2540617
2401780
2397882
2393608
2411688
2483574
2446404
2389450
2447440
2403419
2408626
2392675
2459001
2420630
2410801
2402459
2409284
2392669
2422922
2713471
2398488
2678261
2412219
2378004
2394001
2432020
3585356
2404478
2857404
2438412
2454467
3407178
2398575
3199753
2412674
4118477
2411149
2939705
2440420
2419376
2475754
2475488
2411810
2409436
2400166
2378563
2484784
2457929
2466693
3527781
2411086
2832665
2563080
2476115
2451267
2385315
2382812
2449563
2581798
2680197
2384391
3297081
2393356
2451890
2440806
2407118
2461817
2450886
2428955
2401928
2821142
2535334
2405433
2630693
2505695
2475685
2457370
2473728
3327426
2407964
4092679
2390306
3451165
2395185
3476128
2404204
2411872
5450317
2477295
2405696
2398890
2396326
2371392
2400458
2386195
2413644
2768922
2426313
2474959
2399042
2535078
2868104
2394945
3402767
2442545
5091565
2795121
3380981
2412525
2989687
2406485
2390824
3184884
2483056
2402787
2376262
2391267
2412057
2408623
2397657
2389040
2442068
2535521
3226631
2385621
2471752
2460100
2406829
2408263
