10933982
14112739
14105600
16604925
16752755
16613954
16775777
16768710
16755684
16752890
16763135
16771649
16758257
16697402
16704073
16608174
16771121
16757850
16748282
16755789
16755406
16761688
16627136
16760000
16750574
16765020
17781465
16745188
17952126
16770873
17998252
16782047
19139284
16765231
19787536
18107817
18474320
19170923
18257648
19512840
18586507
19650468
17805365
20672420
19037963
20652444
17893362
20665133
18438115
20658463
19028601
20653172
20640789
20504210
20690205
20211656
20659906
20539957
20669300
20664969
20677493
20666018
20651185
20676522
20658662
20632249
20625718
20662773
20643195
20612521
20666707
20663730
20667733
20473503
26689172
26684990
26648058
26555828
26520127
26634705
26556484
26582305
