89.134202
87.951962
64.333455
44.666992
47.700609
50.002843
51.807420
56.436100
56.482128
56.405924
57.005480
62.504764
56.471650
56.603442
61.857501
67.050960
72.606279
67.295144
64.962048
60.431309
61.242600
63.181230
60.861280
60.253227
61.401240
65.149559
62.482743
71.966308
67.736834
77.847681
67.229092
67.080390
67.032270
67.135522
67.161890
67.151049
67.148909
67.099483
67.128071
67.028766
64.882012
66.922606
67.134508
66.787409
65.685068
65.709019
67.141371
66.784768
66.931933
67.064441
67.159054
67.121261
67.106662
67.167358
66.805534
67.124848
67.292046
67.209799
67.155971
67.174106
67.226812
66.991022
66.920807
67.106629
66.974663
67.016777
67.145318
67.170751
67.126454
67.027772
67.102272
66.946950
66.427100
67.072170
67.098515
67.123167
67.220803
67.177802
66.754733
67.184125
67.142802
66.684467
67.128227
66.987213
67.141158
67.135400
67.226950
66.929934
67.140427
67.144020
66.951509
67.063896
67.140637
3011.851540
3950.582798
6595.318408
14213.706579
12444.115639
10280.944219
142.238220
5968.193540
13505.927403
4926.794442
