28360
28231
28331
28293
28110
28171
28236
28167
28264
28608
28294
28362
28374
28181
28445
28045
27906
27931
28245
28140
29290
29006
28560
28367
28984
27892
28445
28412
28136
28185
30015
28702
28393
28538
28186
28283
28851
28420
28440
28440
28310
28405
28456
28577
28850
28082
28058
28566
28114
28336
28295
28046
28194
28178
28209
28963
28109
28050
28295
28421
28076
28123
28089
28722
28596
28746
28705
28810
28466
28239
28497
29076
28652
29571
28470
28099
27966
28225
28655
28395
28197
28335
28579
28809
29822
28033
28233
28149
28176
28033
28327
28486
28863
28203
28562
28204
28297
28492
27941
29548
28753
35461
28268
28228
28079
28196
28025
27996
28200
28051
28983
28193
28050
29413
27964
28152
28175
28577
28348
28162
28424
28125
28247
28183
28118
28082
33261
27889
27810
28152
28579
27961
28564
28084
27923
28113
28012
28130
28257
28185
28106
28175
28402
28578
28322
28075
28508
28199
27926
28462
29577
28109
28189
28268
